Index	First.Frame	Number.Frames	Frames.Missing	Position.X..nm.	Position.Y..nm.	Precision..nm.	Number.Photons	Background.variance	Chi.square	PSF.half.width..nm.	Channel	Z.Slice	CellName	CellDiameter	CellArea
2	1	1	0	4295.5	26808.3	22.9	262	9.25	0.34	150.1	1	1	R.Cell27.txt	2235.91144726261	1850400
5	2	1	0	21609.7	45211.9	24.3	213	10.63	0.39	136.5	1	1	R.Cell37.txt	2820.86866053703	2770800
10	5	1	0	35549.3	14270.3	17.9	261	8.61	0.33	130.4	1	1	R.Cell45.txt	2560.17577521544	2660900
15	7	1	0	23413.4	34487.1	17.9	186	13.96	0.46	100.4	1	1	R.Cell29.txt	2768.75423250241	2726900
17	9	1	0	4765.8	24853	23.6	103	6.4	0.28	102.6	1	1	R.Cell26.txt	2890.121104729	2447100
18	9	1	0	17926.1	16575.4	25.1	190	9.99	0.36	132.9	1	1	R.Cell17.txt	2832.11934776767	2707500
20	9	1	0	23558.6	34624.6	16.1	324	10.73	0.3	130.7	1	1	R.Cell29.txt	2768.75423250241	2726900
21	10	1	0	4838.7	24890.6	23.4	80	12.02	0.33	79	1	1	R.Cell26.txt	2890.121104729	2447100
23	10	1	0	17925.4	16624	22.8	183	16.06	0.48	111.5	1	1	R.Cell17.txt	2832.11934776767	2707500
26	11	1	0	23195.5	34166.2	22.1	181	12.6	0.27	114.7	1	1	R.Cell29.txt	2768.75423250241	2726900
27	11	1	0	17953.9	16612	17.5	178	11.26	0.37	100.5	1	1	R.Cell17.txt	2832.11934776767	2707500
28	12	1	0	36701.4	29340.6	30.3	135	13.46	0.27	117	1	1	R.Cell32.txt	2349.57442955102	2302400
29	12	1	0	17960.5	16601.2	32.1	212	13.19	0.41	152.6	1	1	R.Cell17.txt	2832.11934776767	2707500
30	12	1	0	41510	29001.1	18.7	326	6.16	0.31	159.4	1	1	R.Cell33.txt	2484.5522735495	2261200
33	13	1	0	17952.7	16603.9	23	160	12.61	0.33	110.3	1	1	R.Cell17.txt	2832.11934776767	2707500
34	14	1	0	17930.7	16616.4	17.4	238	7.38	0.29	125.7	1	1	R.Cell17.txt	2832.11934776767	2707500
41	19	1	0	29382.9	37762.1	21.1	171	12.99	0.32	107.6	1	1	R.Cell30.txt	2506.97028303089	2433700
45	23	1	0	791.5	45975.4	22.5	81	7.94	0.29	84.6	1	1	R.Cell40.txt	2891.66042266377	2693500
47	26	1	0	14204.4	47372.8	31.1	192	18.18	0.44	133.1	1	1	R.Cell41.txt	2310.41121880933	2185800
51	29	1	0	17905.4	16593.3	30.7	163	9.97	0.33	138.7	1	1	R.Cell17.txt	2832.11934776767	2707500
54	31	1	0	14761.4	46840.1	24.4	261	9.24	0.33	156.1	1	1	R.Cell41.txt	2310.41121880933	2185800
56	32	1	0	32121	15086.1	23.8	138	6.4	0.27	119.8	1	1	R.Cell46.txt	1426.18371888057	1286100
69	41	1	0	17897.8	16586	20.9	82	6.28	0.3	84.8	1	1	R.Cell17.txt	2832.11934776767	2707500
71	42	1	0	6126.8	4316.5	24.1	80	8.63	0.33	86.3	1	1	R.Cell20.txt	2265.85524692113	2434600
73	43	1	0	18545.3	10111.1	16	271	7.84	0.33	125.6	1	1	R.Cell0.txt	2139.64950400761	2060100
