Index	First Frame	Number Frames	Frames Missing	Position X [nm]	Position Y [nm]	Precision [nm]	Number Photons	Background variance	Chi square	PSF half width [nm]	Channel	Z Slice
1	171	1	0	29688.5	40718.9	20.6	152	15.64	0.38	96.3	1	1
2	172	1	0	31831.6	38985.2	29.3	99	13.73	0.37	98	1	1
3	231	1	0	29507	38742.3	24.5	142	14.65	0.27	104.6	1	1
4	244	1	0	29482.8	38718.8	25.6	128	13.95	0.37	102.9	1	1
5	272	1	0	29515.8	38720	29.7	147	13.46	0.44	121.1	1	1
6	277	1	0	30847	39485.8	39.1	168	18.59	0.43	140.5	1	1
7	283	1	0	29672.1	40760.2	30	168	20.91	0.43	117.9	1	1
8	310	1	0	29467.8	38708.4	20.3	136	9.43	0.31	99.9	1	1
9	338	1	0	29724.9	38502.2	24.9	90	10.35	0.39	90.2	1	1
10	345	1	0	29533.1	38717.1	26.2	181	11.15	0.36	130	1	1
11	355	1	0	29516.9	38724.9	26.8	167	13.11	0.35	122.4	1	1
12	370	1	0	29728.8	38554.8	15.8	116	9.19	0.4	78.6	1	1
13	385	1	0	29754.4	38579.5	23.9	153	11.91	0.34	111.7	1	1
14	386	1	0	29752.3	38497.9	26.3	116	12.36	0.29	101.9	1	1
15	389	1	0	29484.1	38725.5	15.5	142	9.1	0.36	85.8	1	1
16	393	1	0	29716.1	38567.8	30.4	138	11.58	0.37	122.6	1	1
17	397	1	0	29699.5	38530.4	21.2	148	11.12	0.45	103.5	1	1
18	408	1	0	29725.4	38535.4	32.7	81	17.06	0.38	89.9	1	1
19	413	1	0	29704.1	38525.2	22	99	14.22	0.41	81.8	1	1
20	414	1	0	29721.9	38520.6	19.4	112	7.83	0.38	90.8	1	1
21	416	1	0	29781.8	38505.7	27	115	19.11	0.39	93.8	1	1
22	417	1	0	29761.5	38548.6	21.4	167	9.29	0.29	114.7	1	1
23	440	1	0	30087.3	40076.2	29.3	117	13.32	0.47	107.4	1	1
24	440	1	0	28432.1	39990.3	28.6	152	16.63	0.39	114.9	1	1
25	441	1	0	31601.9	39488.3	22.9	140	11.87	0.42	104.1	1	1
26	442	1	0	30785.1	39453	24.2	243	11.69	0.33	142.7	1	1
27	443	1	0	28451.6	40017.7	23.8	124	12.78	0.4	98.5	1	1
28	444	1	0	30795.4	39409.7	21.8	111	9.7	0.32	93.5	1	1
29	445	1	0	30071.9	40019.9	31.9	124	13.17	0.4	116.1	1	1
30	448	1	0	30020	40027.4	27	135	14.74	0.45	107.4	1	1
												
												
VoxelSizeX : 0.1000000000 µm												
												
VoxelSizeY : 0.1000000000 µm												
												
ResolutionX : 1.0000000000												
												
ResolutionY : 1.0000000000												
												
SizeX : 512												
												
SizeY : 512												
												
												
ROI List : 
